TreePositions
46 0 319
484 0 481
380 0 -246
-374 0 399
239 0 16
-417 0 -1
57 0 -56
-13 0 -365
-159 0 479
-126 0 110
-338 0 278
483 0 427
147 0 -16
-115 0 133
-324 0 413
-152 0 -165
4 0 497
180 0 371
354 0 43
-162 0 -92
-175 0 180
401 0 42
-286 0 -345
-58 0 -425
-373 0 208
136 0 -382
-44 0 -442
-276 0 478
-308 0 256
89 0 203
105 0 -123
-382 0 315
-144 0 26
248 0 -158
-128 0 93
-232 0 -84
-447 0 -84
-89 0 -230
-245 0 -428
267 0 -26
-179 0 -58
310 0 223
-394 0 -380
-343 0 -434
58 0 -410
346 0 -129
-408 0 -23
-382 0 342
151 0 -24
-401 0 21
12 0 -204
123 0 -310
-48 0 150
319 0 -242
-38 0 -465
-110 0 -357
114 0 116
73 0 -394
-246 0 -98
407 0 499
-249 0 113
460 0 108
-117 0 -327
-172 0 -370
-71 0 352
148 0 -121
-231 0 -388
-287 0 305
42 0 -56
296 0 -97
-494 0 -318
110 0 -329
-308 0 -437
-425 0 299
-12 0 145
-60 0 -178
-431 0 -120
-25 0 265
-158 0 17
332 0 377
48 0 348
-251 0 -229
-203 0 -439
-340 0 -215
-134 0 -180
-275 0 11
480 0 185
-470 0 -107
-239 0 -155
-359 0 211
-240 0 -349
61 0 -430
334 0 -119
375 0 -193
-479 0 -167
52 0 -209
-406 0 95
-7 0 165
-392 0 -36
189 0 437
287 0 497
-42 0 470
100 0 312
-136 0 362
84 0 394
-166 0 371
439 0 -244
151 0 -475
-114 0 -231
352 0 316
-165 0 34
222 0 34
209 0 388
149 0 -355
167 0 -34
-167 0 45
393 0 -171
-445 0 52
-231 0 95
-76 0 141
-88 0 368
-342 0 182
-479 0 -109
162 0 214
94 0 395
67 0 15
-384 0 -430
443 0 -191
289 0 -48
223 0 -91
32 0 488
-238 0 350
298 0 133
282 0 -358
488 0 135
304 0 -485
52 0 -410
356 0 -363
-310 0 -11
-317 0 -91
-419 0 275
422 0 -286
353 0 425
-109 0 -492
254 0 447
160 0 35
-53 0 6
-78 0 -369
-69 0 -346
-153 0 -496
-33 0 -142
498 0 308
-461 0 288
107 0 106
222 0 78
82 0 370
-476 0 -144
462 0 340
-342 0 -63
51 0 329
-187 0 -277
-355 0 -49
312 0 -168
-105 0 -348
188 0 42
-40 0 490
254 0 194
307 0 -234
227 0 412
304 0 -397
109 0 483
359 0 -165
-406 0 -218
499 0 462
70 0 -46
42 0 157
433 0 302
38 0 -300
123 0 43
309 0 396
-221 0 406
7 0 357
-158 0 433
-157 0 -55
-277 0 314
-194 0 -271
-325 0 -173
-441 0 -443
278 0 99
54 0 232
246 0 -117
29 0 -373
-398 0 -367
437 0 -295
91 0 -191
156 0 -148
174 0 256
111 0 451
87 0 -104
-148 0 -150
-337 0 -458
-319 0 466
429 0 -229
99 0 5
27 0 310
59 0 -283
-234 0 226
278 0 -87
100 0 -431
144 0 -233
257 0 337
273 0 499
-135 0 -439
337 0 496
265 0 207
389 0 238
-298 0 49
471 0 -95
-468 0 329
-299 0 -74
111 0 325
339 0 254
-103 0 -388
-276 0 -48
405 0 -461
-358 0 128
-464 0 -178
368 0 -38
221 0 330
41 0 283
347 0 -393
256 0 243
-81 0 259
-458 0 -242
195 0 283
-180 0 244
151 0 13
-147 0 -465
-168 0 -133
35 0 -240
468 0 -476
71 0 -15
197 0 -473
221 0 496
-494 0 -92
-262 0 -125
460 0 474
290 0 466
-285 0 116
-126 0 -330
247 0 -213
-325 0 368
-276 0 -4
64 0 469
338 0 33
-123 0 -360
-9 0 -131
-392 0 -196
74 0 333
250 0 191
409 0 -436
68 0 28
35 0 303
-470 0 196
283 0 -84
-344 0 450
-166 0 -368
280 0 -134
251 0 -491
376 0 486
-225 0 482
-144 0 228
-365 0 -165
-347 0 248
96 0 174
40 0 -315
-181 0 218
399 0 -441
221 0 -163
-274 0 -362
-275 0 214
-119 0 -430
304 0 291
-271 0 165
224 0 -338
118 0 -155
-128 0 63
-402 0 -237
3 0 -467
-475 0 -189
-238 0 261
198 0 -131
-248 0 -93
-470 0 305
-353 0 -338
410 0 207
-336 0 13
-427 0 -81
142 0 -438
141 0 472
-256 0 106
-128 0 -152
285 0 482
-97 0 -278
199 0 489
-117 0 -241
356 0 -494
152 0 -323
14 0 -251
-475 0 147
354 0 70
117 0 -55
-162 0 116
-126 0 220
-75 0 -184
-294 0 278
-373 0 -140
-348 0 183
-148 0 16
-384 0 -259
37 0 166
-98 0 -155
429 0 -446
480 0 -309
-483 0 -407
-394 0 85
397 0 63
97 0 63
-435 0 -280
70 0 109
-22 0 86
299 0 -203
268 0 -471
-71 0 163
-267 0 -333
-370 0 313
61 0 -299
-428 0 -291
-401 0 -91
-279 0 -227
-461 0 57
-118 0 -166
339 0 -367
-72 0 -239
-198 0 -12
-246 0 258
-435 0 -342
-445 0 -433
-272 0 -167
177 0 198
-360 0 -199
-320 0 313
487 0 492
54 0 174
-32 0 355
212 0 393
140 0 13
-328 0 184
243 0 50
195 0 209
-386 0 -467
-271 0 353
302 0 -456
-171 0 258
445 0 254
-76 0 -231
-190 0 -105
-303 0 249
-454 0 347
292 0 52
-242 0 120
-412 0 385
-81 0 -362
477 0 -445
-36 0 -406
92 0 -358
-129 0 -412
-434 0 47
-240 0 -84
-483 0 496
271 0 6
-487 0 -77
-432 0 327
-448 0 441
-181 0 -246
-314 0 -406
-7 0 185
376 0 89
267 0 -82
117 0 39
-450 0 14
-76 0 -310
-33 0 115
-169 0 346
472 0 423
491 0 -153
4 0 -334
66 0 -404
-331 0 392
86 0 -374
140 0 -370
-224 0 -462
262 0 -354
99 0 -214
-89 0 -384
246 0 33
128 0 -402
-152 0 333
296 0 11
-164 0 261
207 0 221
277 0 344
201 0 238
-219 0 -54
-498 0 -143
94 0 -434
309 0 489
122 0 -254
-289 0 -197
192 0 417
72 0 53
-382 0 126
-473 0 39
-239 0 177
161 0 -242
-269 0 -270
-130 0 54
-434 0 -495
-41 0 -393
-346 0 -88
227 0 227
-164 0 -128
405 0 278
478 0 -187
-267 0 313
399 0 343
464 0 -53
-5 0 -185
-31 0 -405
-188 0 -158
417 0 -171
139 0 -459
19 0 -303
-314 0 126
137 0 -144
148 0 -451
126 0 245
-324 0 -360
-470 0 -331
-138 0 -19
52 0 129
97 0 -268
-456 0 448
330 0 -445
313 0 -306
418 0 -139
72 0 -245
8 0 219
409 0 -265
-65 0 498
-333 0 -251
-451 0 244
-454 0 474
446 0 -392
-425 0 242
445 0 -291
-447 0 -237
176 0 -248
406 0 40
355 0 -151
-132 0 -30
-104 0 397
269 0 15
412 0 -76
158 0 307
447 0 140
499 0 -463
335 0 224
-340 0 371
337 0 468
-32 0 -330
323 0 -220
267 0 305
-147 0 201
134 0 372
339 0 -77
-2 0 267
221 0 -443
-216 0 286
-398 0 35
-99 0 377
-22 0 -149
138 0 -406
67 0 327
89 0 -350
26 0 -343
-232 0 -297
259 0 -493
138 0 328
251 0 20
-315 0 -129
406 0 -320
-214 0 261
-304 0 268
194 0 -391
-14 0 -308
-364 0 -383
-344 0 499
201 0 179
-159 0 353
252 0 491
50 0 -299
-282 0 318
-419 0 -373
-170 0 -225
-116 0 174
101 0 -152
154 0 -421
363 0 -408
498 0 433
-312 0 121
176 0 413
-386 0 348
425 0 -421
-293 0 -442
486 0 417
329 0 245
-448 0 -216
-404 0 393
-314 0 -483
442 0 -413
-317 0 221
23 0 494
-351 0 -107
253 0 -471
-185 0 239
-295 0 16
-298 0 -144
350 0 -73
243 0 -8
419 0 466
118 0 -24
486 0 194
-305 0 144
389 0 188
-374 0 -347
382 0 435
374 0 -9
-271 0 -142
-92 0 361
115 0 -249
388 0 -230
16 0 -372
139 0 83
364 0 -437
-348 0 77
-292 0 119
194 0 480
450 0 -378
-221 0 -434
-365 0 -304
-474 0 357
362 0 -484
212 0 -243
77 0 -354
-386 0 220
328 0 -188
446 0 246
-244 0 487
288 0 403
-327 0 66
-61 0 -309
-16 0 414
150 0 332
-482 0 -116
-218 0 415
221 0 183
-25 0 -367
-449 0 -351
-271 0 -159
139 0 -264
-99 0 260
240 0 173
-417 0 -136
-198 0 -165
-336 0 461
128 0 156
-451 0 -31
-439 0 -451
-87 0 458
-29 0 -177
424 0 257
288 0 337
12 0 229
-129 0 330
-20 0 -221
153 0 -41
418 0 413
-70 0 -299
-439 0 52
-331 0 203
-242 0 1
140 0 128
291 0 407
-334 0 -346
-287 0 -355
-493 0 91
-317 0 152
-362 0 -424
228 0 7
-246 0 -209
-425 0 56
-473 0 120
465 0 -202
-100 0 -382
164 0 98
269 0 -326
-96 0 455
-207 0 109
-10 0 -216
-47 0 -477
458 0 38
224 0 -170
474 0 470
374 0 -273
364 0 443
396 0 4
272 0 33
110 0 129
384 0 -179
-405 0 -335
39 0 -491
-218 0 232
346 0 18
-336 0 245
-34 0 -91
407 0 -313
-58 0 303
245 0 87
254 0 -406
102 0 -53
-312 0 -362
53 0 -310
-123 0 -101
-115 0 361
72 0 371
61 0 492
-103 0 42
377 0 -237
32 0 -352
-456 0 -314
-459 0 412
351 0 -321
245 0 186
-95 0 217
-3 0 447
431 0 -141
498 0 100
-416 0 371
-482 0 436
461 0 -264
248 0 213
433 0 -484
136 0 -272
243 0 -442
444 0 15
-314 0 211
-312 0 48
241 0 -177
-407 0 -318
316 0 -353
-287 0 -117
-443 0 64
448 0 -39
187 0 416
188 0 454
-444 0 -3
384 0 343
140 0 344
292 0 -321
235 0 -242
-284 0 -401
300 0 430
245 0 -318
138 0 51
-436 0 68
238 0 -458
-101 0 -356
-224 0 -269
-118 0 477
-357 0 -288
303 0 80
6 0 -443
-140 0 -103
-117 0 167
113 0 -112
-303 0 -218
-225 0 270
-341 0 -486
216 0 135
-181 0 382
-372 0 157
-342 0 -477
-361 0 451
-51 0 324
106 0 438
105 0 -218
-119 0 141
-51 0 -256
449 0 470
-27 0 -497
-146 0 72
74 0 451
-495 0 -438
-415 0 -48
125 0 -78
410 0 -54
-410 0 -441
135 0 128
-483 0 470
-16 0 72
81 0 203
-168 0 -422
164 0 -369
309 0 -101
353 0 -293
-179 0 -125
188 0 -144
152 0 -214
-457 0 -346
-311 0 -356
-41 0 250
190 0 -94
350 0 213
-377 0 188
-55 0 200
257 0 37
447 0 -279
230 0 173
117 0 -234
46 0 478
-305 0 -389
63 0 47
-212 0 -460
123 0 320
478 0 110
-475 0 -306
203 0 215
464 0 -70
373 0 -105
-173 0 -492
-325 0 -374
344 0 333
297 0 37
138 0 109
298 0 -19
-348 0 -8
366 0 -481
345 0 195
390 0 -393
373 0 -268
500 0 -294
65 0 103
340 0 295
-401 0 167
-21 0 -404
-406 0 65
-290 0 -302
-470 0 268
107 0 381
483 0 -108
-101 0 -334
-126 0 -368
289 0 -314
489 0 -305
-302 0 285
-238 0 452
-382 0 290
138 0 493
-205 0 182
-314 0 -452
67 0 -187
380 0 -485
132 0 377
437 0 122
245 0 433
-304 0 -461
-389 0 111
-249 0 -389
-421 0 30
-446 0 6
349 0 -213
-70 0 -156
-63 0 4
-168 0 50
300 0 -366
-422 0 393
458 0 -449
235 0 -8
-73 0 335
-344 0 -130
-106 0 123
82 0 -109
-398 0 -347
-126 0 202
102 0 -258
-422 0 16
-144 0 252
-27 0 307
302 0 115
-479 0 323
498 0 -300
-427 0 89
-456 0 -194
-390 0 -103
-154 0 -402
-150 0 356
-318 0 392
484 0 -379
-86 0 444
352 0 144
-33 0 -448
6 0 208
1 0 -327
-138 0 407
201 0 80
492 0 434
-64 0 -430
349 0 56
104 0 16
-139 0 106
-145 0 -286
333 0 -218
-488 0 136
251 0 -383
371 0 -470
25 0 292
256 0 -171
-191 0 -373
-213 0 -359
327 0 -1
152 0 -400
-322 0 120
-397 0 -150
329 0 -326
-116 0 -217
317 0 -458
-198 0 -195
247 0 -312
379 0 140
94 0 -148
-123 0 177
-134 0 438
411 0 439
284 0 173
111 0 90
40 0 -192
421 0 -232
324 0 225
-327 0 449
140 0 -202
129 0 -396
46 0 -112
354 0 -383
-442 0 42
-365 0 -229
-246 0 55
62 0 -62
-491 0 384
-147 0 -376
133 0 417
407 0 -129
169 0 417
274 0 -409
-374 0 -420
-212 0 473
290 0 420
-267 0 459
-357 0 -370
72 0 -170
-363 0 -273
223 0 -416
-61 0 152
-86 0 281
-188 0 22
-236 0 426
-432 0 167
-232 0 449
433 0 -153
-266 0 -266
157 0 -455
202 0 -7
202 0 480
474 0 79
-102 0 342
-309 0 126
-50 0 -150
489 0 -75
-257 0 -100
238 0 321
-472 0 -323
-443 0 -422
169 0 -6
-356 0 -480
-398 0 -375
419 0 67
-332 0 231
2 0 193
-221 0 -467
117 0 -268
141 0 -287
-164 0 449
-119 0 -213
-124 0 263
482 0 27
228 0 -328
-319 0 -153
268 0 -391
-108 0 -67
-295 0 -173
426 0 127
265 0 -480
-198 0 -50
403 0 -262
-304 0 -147
0 0 -153
-257 0 300
-74 0 -100
109 0 -81
131 0 -57
-74 0 190
-360 0 161
-17 0 -87
432 0 216
-315 0 445
-329 0 80
-65 0 -190
-348 0 50
-206 0 -21
223 0 -268
311 0 356
257 0 -324
465 0 100
-22 0 403
-115 0 -466
223 0 -255
495 0 -341
277 0 383
338 0 114
317 0 -17
-412 0 -436
-37 0 270
-378 0 -274
-182 0 -412
-499 0 -17
466 0 -406
-375 0 89
-375 0 343
217 0 105
111 0 426
-136 0 474
159 0 -72
-191 0 387
180 0 -144
-349 0 -299
-15 0 -98
275 0 -40
204 0 126
-223 0 -205
-220 0 -427
308 0 11
138 0 484
266 0 -429
458 0 313
382 0 -309
373 0 236
33 0 -410
-294 0 415
-166 0 385
361 0 346
-188 0 -443
166 0 -250
230 0 -473
469 0 -68
388 0 434
-475 0 45
-461 0 -257
-351 0 -268
-3 0 99
-393 0 95
-82 0 90
342 0 427
-92 0 437
-175 0 478
223 0 -214
129 0 180
117 0 -349
-391 0 -183
-490 0 103
-210 0 40
