TreePositions
46 0 319
484 0 481
380 0 -246
-374 0 399
239 0 16
-417 0 -1
57 0 -56
-13 0 -365
-159 0 479
-126 0 110
-338 0 278
483 0 427
147 0 -16
-115 0 133
-324 0 413
-152 0 -165
4 0 497
180 0 371
354 0 43
-162 0 -92
-175 0 180
401 0 42
-286 0 -345
-58 0 -425
-373 0 208
136 0 -382
-44 0 -442
-276 0 478
-308 0 256
89 0 203
105 0 -123
-382 0 315
-144 0 26
248 0 -158
-128 0 93
-232 0 -84
-447 0 -84
-89 0 -230
-245 0 -428
267 0 -26
-179 0 -58
310 0 223
-394 0 -380
-343 0 -434
58 0 -410
346 0 -129
-408 0 -23
-382 0 342
151 0 -24
-401 0 21
12 0 -204
123 0 -310
-48 0 150
319 0 -242
-38 0 -465
-110 0 -357
114 0 116
73 0 -394
-246 0 -98
